1760597531989 9.375 1416
1760597532308 10.3125 1426
1760597532618 10.9375 1436
1760597532941 11.71875 1446
1760597533278 12.5 1456
1760597533588 12.083333333333334 1466
1760597533886 12.544642857142858 1476
1760597534184 12.7734375 1486
1760597534499 12.98611111111111 1496
1760597534987 13.03125 1506
1760597535518 13.011363636363637 1516
1760597535809 12.682291666666666 1526
1760597536139 13.028846153846153 1536
1760597536567 13.370535714285714 1546
1760597536909 13.4375 1556
1760597537278 13.671875 1566
1760597537582 13.915441176470589 1576
1760597537915 14.07986111111111 1586
1760597538219 14.259868421052632 1596
1760597538492 14.40625 1606
1760597538770 14.479166666666666 1616
1760597539044 14.559659090909092 1626
1760597539312 14.782608695652174 1636
1760597539583 15.0390625 1646
1760597539913 15.125 1656
1760597540206 15.32451923076923 1666
1760597540598 15.45138888888889 1676
1760597540881 15.625 1686
1760597541154 15.775862068965518 1696
1760597541425 15.875 1706
1760597541692 16.018145161290324 1716
1760597541952 16.025390625 1726
1760597542227 16.126893939393938 1736
1760597542500 16.341911764705884 1746
1760597542778 16.508928571428573 1756
1760597543047 16.614583333333332 1766
1760597543318 16.70608108108108 1776
1760597543605 16.636513157894736 1786
1760597543877 16.666666666666668 1796
1760597544151 16.78125 1806
1760597544431 16.836890243902438 1816
1760597544699 16.91220238095238 1826
1760597544976 17.0203488372093 1836
1760597545273 17.073863636363637 1846
1760597545665 17.20138888888889 1856
1760597545934 17.214673913043477 1866
1760597546209 17.293882978723403 1876
1760597546476 17.369791666666668 1886
1760597546744 17.480867346938776 1896
1760597547026 17.4875 1906
1760597547320 17.5 1916
1760597547601 17.59014423076923 1926
1760597547868 17.659198113207548 1936
1760597548161 17.74884259259259 1946
1760597548438 17.72159090909091 1956
1760597548702 17.784598214285715 1966
1760597548971 17.922149122807017 1976
1760597549245 18.017241379310345 1986
1760597549514 18.156779661016948 1996
1760597549786 18.208333333333332 2006
1760597550107 18.31454918032787 2016
1760597550437 18.371975806451612 2026
1760597550733 18.38293650793651 2036
1760597551030 18.408203125 2046
1760597551316 18.51923076923077 2056
1760597551583 18.56534090909091 2066
1760597551849 18.680037313432837 2076
1760597552114 18.71323529411765 2086
1760597552392 18.75 2096
1760597552659 18.8125 2106
1760597552926 18.882042253521128 2116
1760597553203 18.9453125 2126
1760597553497 18.972602739726028 2136
1760597553858 19.02027027027027 2146
1760597554212 19.066666666666666 2156
1760597554588 19.132401315789473 2166
1760597554871 19.1599025974026 2176
1760597555140 19.18669871794872 2186
1760597555454 19.248417721518987 2196
1760597555718 19.29296875 2206
1760597556002 19.290123456790123 2216
1760597556280 19.336890243902438 2226
1760597556547 19.386295180722893 2236
1760597556824 19.401041666666668 2246
1760597557089 19.44485294117647 2256
1760597557406 19.523982558139537 2266
1760597557674 19.525862068965516 2276
1760597558363 19.55965909090909 2286
1760597558661 19.6313202247191 2296
1760597558967 19.729166666666668 2306
1760597559261 19.80425824175824 2316
1760597559548 19.88111413043478 2326
1760597559821 19.926075268817204 2336
1760597560091 19.950132978723403 2346
1760597560367 19.973684210526315 2356
1760597560639 20.065104166666668 2366
1760597560918 20.109536082474225 2376
1760597561191 20.17219387755102 2386
1760597561471 20.192550505050505 2396
1760597561751 20.24375 2406
1760597562071 20.281559405940595 2416
1760597562381 20.303308823529413 2426
1760597562682 20.388349514563107 2436
1760597562984 20.41466346153846 2446
1760597563274 20.464285714285715 2456
1760597563567 20.5188679245283 2466
1760597563867 20.549065420560748 2476
1760597564176 20.60474537037037 2486
1760597564481 20.65080275229358 2496
1760597564890 20.676136363636363 2506
1760597565191 20.723536036036037 2516
1760597565504 20.7421875 2526
1760597565799 20.813053097345133 2536
1760597566106 20.849780701754387 2546
1760597566414 20.918478260869566 2556
1760597566699 20.96174568965517 2566
1760597566994 21.041666666666668 2576
1760597567318 21.104343220338983 2586
1760597567616 21.152836134453782 2596
1760597567936 21.239583333333332 2606
1760597568245 21.309400826446282 2616
1760597568557 21.36782786885246 2626
1760597568855 21.42530487804878 2636
1760597569157 21.46673387096774 2646
1760597569500 21.5275 2656
1760597569790 21.584821428571427 2666
1760597570099 21.641240157480315 2676
1760597570393 21.689453125 2686
1760597570679 21.705426356589147 2696
1760597570997 21.73076923076923 2706
1760597571283 21.772423664122137 2716
1760597571591 21.82528409090909 2726
1760597571882 21.8703007518797 2736
1760597572183 21.865671641791046 2746
1760597572495 21.90740740740741 2756
1760597572792 21.918658088235293 2766
1760597573079 21.943430656934307 2776
1760597573370 21.97463768115942 2786
1760597573671 22.003147482014388 2796
1760597573969 22.066964285714285 2806
1760597644276 29.375 2823
1760597644600 28.90625 2833
1760597644913 29.166666666666668 2843
1760597645285 30.15625 2853
1760597645612 30.5 2863
1760597645918 29.84375 2873
1760597646231 30.178571428571427 2883
1760597646556 30.0390625 2893
1760597646854 29.756944444444443 2903
1760597647172 29.71875 2913
1760597647483 29.6875 2923
1760597647781 29.53125 2933
1760597648077 29.158653846153847 2943
1760597648375 29.419642857142858 2953
1760597648682 29.4375 2963
1760597648986 29.23828125 2973
1760597649297 29.209558823529413 2983
1760597649600 29.40972222222222 2993
1760597649907 29.49013157894737 3003
1760597650209 29.390625 3013
1760597650501 29.166666666666668 3023
1760597650816 29.147727272727273 3033
1760597651104 29.293478260869566 3043
1760597651425 29.296875 3053
1760597651730 29.35 3063
1760597652022 29.435096153846153 3073
1760597652330 29.444444444444443 3083
1760597652630 29.553571428571427 3093
1760597652925 29.59051724137931 3103
1760597653221 29.552083333333332 3113
1760597653534 29.536290322580644 3123
1760597653832 29.53125 3133
1760597654138 29.59280303030303 3143
1760597654456 29.558823529411764 3153
1760597654749 29.625 3163
1760597655056 29.56597222222222 3173
1760597655348 29.61993243243243 3183
1760597655641 29.75328947368421 3193
1760597655950 29.735576923076923 3203
1760597656249 29.7578125 3213
1760597656543 29.7484756097561 3223
1760597656837 29.754464285714285 3233
1760597657130 29.752906976744185 3243
1760597657430 29.758522727272727 3253
1760597657751 29.76388888888889 3263
1760597658049 29.796195652173914 3273
1760597658367 29.793882978723403 3283
1760597658670 29.817708333333332 3293
1760597658984 29.872448979591837 3303
1760597659286 29.8625 3313
1760597659580 29.834558823529413 3323
1760597659890 29.813701923076923 3333
1760597660185 29.86438679245283 3343
1760597660516 29.82638888888889 3353
1760597660809 29.852272727272727 3363
1760597661105 29.8828125 3373
1760597661417 29.797149122807017 3383
1760597661703 29.752155172413794 3393
1760597662011 29.777542372881356 3403
1760597662340 29.817708333333332 3413
1760597662642 29.774590163934427 3423
1760597662942 29.692540322580644 3433
1760597663245 29.697420634920636 3443
1760597663555 29.619140625 3453
1760597663852 29.625 3463
1760597664160 29.673295454545453 3473
1760597664454 29.678171641791046 3483
1760597664755 29.705882352941178 3493
1760597665073 29.741847826086957 3503
1760597665373 29.745535714285715 3513
1760597665665 29.700704225352112 3523
1760597665976 29.73090277777778 3533
1760597666267 29.824486301369863 3543
1760597666572 29.780405405405407 3553
1760597666872 29.7375 3563
1760597667177 29.79029605263158 3573
1760597667465 29.853896103896105 3583
1760597667763 29.815705128205128 3593
1760597668067 29.877373417721518 3603
1760597668357 29.88671875 3613
1760597668659 29.91898148148148 3623
1760597668973 29.923780487804876 3633
1760597669268 29.96987951807229 3643
1760597669568 29.977678571428573 3653
1760597669875 29.952205882352942 3663
1760597670196 29.945494186046513 3673
1760597670515 29.97485632183908 3683
1760597670819 29.93252840909091 3693
1760597671116 29.90519662921348 3703
1760597671417 29.89236111111111 3713
1760597671705 29.89010989010989 3723
1760597672009 29.870923913043477 3733
1760597672305 29.889112903225808 3743
1760597672599 29.92686170212766 3753
1760597672918 29.924342105263158 3763
1760597673229 29.94140625 3773
1760597673549 29.945231958762886 3783
1760597673847 29.93622448979592 3793
1760597674150 29.917929292929294 3803
1760597674447 29.946875 3813
1760597674739 29.975247524752476 3823
1760597675039 29.966299019607842 3833
1760597675352 29.948422330097088 3843
1760597675645 29.9609375 3853
1760597675964 29.982142857142858 3863
1760597676253 29.961674528301888 3873
1760597676550 29.979556074766354 3883
1760597676844 29.99710648148148 3893
1760597677144 29.982798165137616 3903
1760597677451 29.977272727272727 3913
1760597677744 30.05349099099099 3923
1760597678048 30.030691964285715 3933
1760597678356 30.03595132743363 3943
1760597678646 30.06030701754386 3953
1760597678968 30.043478260869566 3963
1760597679255 30.05387931034483 3973
1760597679559 30.058760683760685 3983
1760597679867 30.111228813559322 3993
1760597680168 30.128676470588236 4003
1760597680472 30.1484375 4013
1760597680757 30.160123966942148 4023
1760597681050 30.171618852459016 4033
1760597681352 30.15497967479675 4043
1760597681652 30.128528225806452 4053
1760597681950 30.115 4063
1760597682259 30.104166666666668 4073
1760597682566 30.103346456692915 4083
1760597682856 30.12451171875 4093
1760597683165 30.109011627906977 4103
1760597683476 30.127403846153847 4113
1760597683783 30.138358778625953 4123
1760597684102 30.142045454545453 4133
1760597684402 30.12453007518797 4143
1760597684705 30.13992537313433 4153
1760597685016 30.15509259259259 4163
1760597685328 30.165441176470587 4173
1760597685652 30.168795620437955 4183
1760597685985 30.183423913043477 4193
1760597686286 30.179856115107913 4203
1760597686595 30.203125 4213
