1760597531989 18.501623153686523 1416
1760597532308 18.646202087402344 1426
1760597532618 14.537113189697266 1436
1760597532941 14.389692306518555 1446
1760597533278 10.107376098632812 1456
1760597533588 6.371757984161377 1466
1760597533886 6.074253559112549 1476
1760597534184 8.410073280334473 1486
1760597534499 5.847028732299805 1496
1760597534987 5.299997329711914 1506
1760597535518 5.178948402404785 1516
1760597535809 4.832209587097168 1526
1760597536139 3.596330404281616 1536
1760597536567 3.4444990158081055 1546
1760597536909 3.569084644317627 1556
1760597537278 4.2205119132995605 1566
1760597537582 3.099848985671997 1576
1760597537915 3.141779899597168 1586
1760597538219 3.496403694152832 1596
1760597538492 2.945340871810913 1606
1760597538770 2.5316948890686035 1616
1760597539044 2.91670560836792 1626
1760597539312 2.690938949584961 1636
1760597539583 3.1262993812561035 1646
1760597539913 2.7030365467071533 1656
1760597540206 2.566250801086426 1666
1760597540598 2.4880263805389404 1676
1760597540881 2.403693437576294 1686
1760597541154 2.770401954650879 1696
1760597541425 2.4527649879455566 1706
1760597541692 2.2719240188598633 1716
1760597541952 2.426889419555664 1726
1760597542227 2.111845016479492 1736
1760597542500 2.0646591186523438 1746
1760597542778 2.3232107162475586 1756
1760597543047 2.372959852218628 1766
1760597543318 2.6610922813415527 1776
1760597543605 2.698570728302002 1786
1760597543877 2.8394131660461426 1796
1760597544151 2.071640729904175 1806
1760597544431 2.273900032043457 1816
1760597544699 2.3690035343170166 1826
1760597544976 2.5259041786193848 1836
1760597545273 2.1319479942321777 1846
1760597545665 2.155379295349121 1856
1760597545934 2.265279769897461 1866
1760597546209 2.559551954269409 1876
1760597546476 2.4066579341888428 1886
1760597546744 1.9875528812408447 1896
1760597547026 2.5408151149749756 1906
1760597547320 2.2387285232543945 1916
1760597547601 2.7224080562591553 1926
1760597547868 1.8012290000915527 1936
1760597548161 2.0427279472351074 1946
1760597548438 2.259253978729248 1956
1760597548702 1.8879622220993042 1966
1760597548971 2.0384795665740967 1976
1760597549245 2.1850969791412354 1986
1760597549514 1.9597368240356445 1996
1760597549786 2.3426601886749268 2006
1760597550107 2.0607519149780273 2016
1760597550437 2.0494961738586426 2026
1760597550733 2.292130947113037 2036
1760597551030 2.1775641441345215 2046
1760597551316 2.00565505027771 2056
1760597551583 1.819705843925476 2066
1760597551849 2.036874294281006 2076
1760597552114 2.281820058822632 2086
1760597552392 2.209348678588867 2096
1760597552659 2.3709983825683594 2106
1760597552926 2.1785037517547607 2116
1760597553203 2.1680705547332764 2126
1760597553497 2.2767534255981445 2136
1760597553858 2.3752918243408203 2146
1760597554212 2.153108596801758 2156
1760597554588 2.7072582244873047 2166
1760597554871 1.914266586303711 2176
1760597555140 2.394453763961792 2186
1760597555454 1.6882165670394897 2196
1760597555718 2.3112845420837402 2206
1760597556002 2.2410426139831543 2216
1760597556280 2.2355613708496094 2226
1760597556547 2.3464884757995605 2236
1760597556824 2.5355238914489746 2246
1760597557089 1.957633376121521 2256
1760597557406 2.065547466278076 2266
1760597557674 2.2783122062683105 2276
1760597558363 1.9457212686538696 2286
1760597558661 2.061197280883789 2296
1760597558967 2.154527425765991 2306
1760597559261 2.0629725456237793 2316
1760597559548 1.9268133640289307 2326
1760597559821 1.8088502883911133 2336
1760597560091 2.2259750366210938 2346
1760597560367 2.1762919425964355 2356
1760597560639 2.1001744270324707 2366
1760597560918 2.3706884384155273 2376
1760597561191 1.997375249862671 2386
1760597561471 1.9856514930725098 2396
1760597561751 2.130817174911499 2406
1760597562071 2.3435139656066895 2416
1760597562381 1.9905428886413574 2426
1760597562682 1.6227705478668213 2436
1760597562984 2.3425192832946777 2446
1760597563274 1.9033552408218384 2456
1760597563567 2.3191375732421875 2466
1760597563867 2.046748161315918 2476
1760597564176 2.15861177444458 2486
1760597564481 2.093134641647339 2496
1760597564890 2.3513424396514893 2506
1760597565191 2.3197715282440186 2516
1760597565504 2.0780105590820312 2526
1760597565799 2.13558292388916 2536
1760597566106 1.9092955589294434 2546
1760597566414 2.400689125061035 2556
1760597566699 2.0914294719696045 2566
1760597566994 2.1537556648254395 2576
1760597567318 2.034485340118408 2586
1760597567616 2.2099761962890625 2596
1760597567936 1.8912361860275269 2606
1760597568245 1.9487990140914917 2616
1760597568557 2.0672988891601562 2626
1760597568855 2.0806965827941895 2636
1760597569157 2.0411770343780518 2646
1760597569500 1.9464540481567383 2656
1760597569790 1.8158807754516602 2666
1760597570099 2.182060718536377 2676
1760597570393 1.9679303169250488 2686
1760597570679 1.9578315019607544 2696
1760597570997 2.180182456970215 2706
1760597571283 2.1335630416870117 2716
1760597571591 2.426952838897705 2726
1760597571882 2.2670388221740723 2736
1760597572183 2.0311801433563232 2746
1760597572495 1.5849354267120361 2756
1760597572792 2.123124599456787 2766
1760597573079 2.0190954208374023 2776
1760597573370 2.214249610900879 2786
1760597573671 2.0847554206848145 2796
1760597573969 2.163334369659424 2806
1760597644276 1.6736611127853394 2823
1760597644600 1.729069709777832 2833
1760597644913 2.1171059608459473 2843
1760597645285 1.8454666137695312 2853
1760597645612 1.9418127536773682 2863
1760597645918 2.157327651977539 2873
1760597646231 1.960315227508545 2883
1760597646556 1.8523106575012207 2893
1760597646854 1.658340334892273 2903
1760597647172 1.9047843217849731 2913
1760597647483 2.212710380554199 2923
1760597647781 1.8249123096466064 2933
1760597648077 2.3971357345581055 2943
1760597648375 1.8211296796798706 2953
1760597648682 1.9000084400177002 2963
1760597648986 1.8329986333847046 2973
1760597649297 1.8828152418136597 2983
1760597649600 2.0021560192108154 2993
1760597649907 2.0196218490600586 3003
1760597650209 1.8932089805603027 3013
1760597650501 1.9295861721038818 3023
1760597650816 1.9167537689208984 3033
1760597651104 1.9512890577316284 3043
1760597651425 1.561922550201416 3053
1760597651730 2.1290464401245117 3063
1760597652022 1.7808659076690674 3073
1760597652330 1.5779049396514893 3083
1760597652630 2.079754114151001 3093
1760597652925 2.0933549404144287 3103
1760597653221 1.9380981922149658 3113
1760597653534 1.7732572555541992 3123
1760597653832 2.1306169033050537 3133
1760597654138 1.9304335117340088 3143
1760597654456 1.8173537254333496 3153
1760597654749 2.0664491653442383 3163
1760597655056 2.0371837615966797 3173
1760597655348 1.9296162128448486 3183
1760597655641 2.023967742919922 3193
1760597655950 2.1605734825134277 3203
1760597656249 1.7988944053649902 3213
1760597656543 2.2583658695220947 3223
1760597656837 2.1756882667541504 3233
1760597657130 1.96012282371521 3243
1760597657430 1.9610403776168823 3253
1760597657751 1.8197720050811768 3263
1760597658049 1.7893056869506836 3273
1760597658367 1.9801160097122192 3283
1760597658670 1.9687530994415283 3293
1760597658984 1.9344727993011475 3303
1760597659286 1.4236304759979248 3313
1760597659580 1.9143364429473877 3323
1760597659890 2.093571186065674 3333
1760597660185 1.9429290294647217 3343
1760597660516 1.889182448387146 3353
1760597660809 1.9594038724899292 3363
1760597661105 2.0214014053344727 3373
1760597661417 1.8200632333755493 3383
1760597661703 1.7459975481033325 3393
1760597662011 1.8392083644866943 3403
1760597662340 1.812248706817627 3413
1760597662642 1.885780692100525 3423
1760597662942 2.006542205810547 3433
1760597663245 1.9955323934555054 3443
1760597663555 1.8395798206329346 3453
1760597663852 1.7626304626464844 3463
1760597664160 2.228445053100586 3473
1760597664454 1.8669764995574951 3483
1760597664755 1.7227883338928223 3493
1760597665073 1.8632763624191284 3503
1760597665373 2.026615858078003 3513
1760597665665 1.8957767486572266 3523
1760597665976 1.727341890335083 3533
1760597666267 1.697596788406372 3543
1760597666572 2.178107738494873 3553
1760597666872 1.9019724130630493 3563
1760597667177 1.8933290243148804 3573
1760597667465 1.643181324005127 3583
1760597667763 1.8605942726135254 3593
1760597668067 1.658522605895996 3603
1760597668357 1.6476490497589111 3613
1760597668659 1.9098058938980103 3623
1760597668973 1.8188707828521729 3633
1760597669268 1.8284108638763428 3643
1760597669568 1.7892686128616333 3653
1760597669875 2.179569721221924 3663
1760597670196 1.8692060708999634 3673
1760597670515 1.7310700416564941 3683
1760597670819 2.023012638092041 3693
1760597671116 2.2305235862731934 3703
1760597671417 1.7930537462234497 3713
1760597671705 2.1438684463500977 3723
1760597672009 1.7815144062042236 3733
1760597672305 1.8769735097885132 3743
1760597672599 1.9735541343688965 3753
1760597672918 1.6338772773742676 3763
1760597673229 1.745161533355713 3773
1760597673549 1.9371246099472046 3783
1760597673847 1.7921841144561768 3793
1760597674150 1.9764801263809204 3803
1760597674447 1.6515883207321167 3813
1760597674739 1.4931108951568604 3823
1760597675039 1.7919330596923828 3833
1760597675352 2.1170995235443115 3843
1760597675645 1.5867706537246704 3853
1760597675964 1.959436297416687 3863
1760597676253 1.8647832870483398 3873
1760597676550 1.8199104070663452 3883
1760597676844 1.9722541570663452 3893
1760597677144 1.856635332107544 3903
1760597677451 1.7881207466125488 3913
1760597677744 1.7102861404418945 3923
1760597678048 1.820897102355957 3933
1760597678356 2.008729934692383 3943
1760597678646 2.121250629425049 3953
1760597678968 1.8879244327545166 3963
1760597679255 1.738020896911621 3973
1760597679559 1.9288835525512695 3983
1760597679867 2.0127196311950684 3993
1760597680168 1.792158842086792 4003
1760597680472 1.7628847360610962 4013
1760597680757 2.036783218383789 4023
1760597681050 1.9044687747955322 4033
1760597681352 1.770339846611023 4043
1760597681652 1.7586411237716675 4053
1760597681950 1.8127336502075195 4063
1760597682259 2.2731995582580566 4073
1760597682566 1.8439639806747437 4083
1760597682856 2.1004140377044678 4093
1760597683165 1.7949018478393555 4103
1760597683476 1.6017498970031738 4113
1760597683783 2.1272454261779785 4123
1760597684102 1.7856231927871704 4133
1760597684402 2.15000319480896 4143
1760597684705 1.5478911399841309 4153
1760597685016 2.0419540405273438 4163
1760597685328 1.8016432523727417 4173
1760597685652 1.8676950931549072 4183
1760597685985 1.8109595775604248 4193
1760597686286 2.126276969909668 4203
1760597686595 1.7208513021469116 4213
