1760597873008 20.638839721679688 1416
1760597873311 15.372215270996094 1426
1760597873583 14.377908706665039 1436
1760597873866 10.269210815429688 1446
1760597874138 9.402196884155273 1456
1760597874410 8.571212768554688 1466
1760597874688 7.887897968292236 1476
1760597874967 6.407169818878174 1486
1760597875241 4.543172359466553 1496
1760597875519 4.812808513641357 1506
1760597875790 3.591019630432129 1516
1760597876054 5.697582244873047 1526
1760597876324 5.033673286437988 1536
1760597876594 3.8243231773376465 1546
1760597876865 3.6774544715881348 1556
1760597877132 3.5706796646118164 1566
1760597877398 2.5084681510925293 1576
1760597877663 2.6052980422973633 1586
1760597877936 2.58432674407959 1596
1760597878193 2.468601703643799 1606
1760597878451 2.7093660831451416 1616
1760597878708 2.433350086212158 1626
1760597878992 3.181870698928833 1636
1760597879283 2.8184404373168945 1646
1760597879567 2.639958143234253 1656
1760597879841 2.6154165267944336 1666
1760597880151 2.369189739227295 1676
1760597880429 2.635128974914551 1686
1760597880713 2.330439567565918 1696
1760597881003 2.691779136657715 1706
1760597881283 2.789452075958252 1716
1760597881546 2.784914016723633 1726
1760597881814 2.3399364948272705 1736
1760597882088 2.115980625152588 1746
1760597882359 2.2190823554992676 1756
1760597882637 2.398772716522217 1766
1760597882918 2.3185477256774902 1776
1760597883192 2.6031599044799805 1786
1760597883466 2.3061749935150146 1796
1760597883735 2.163571834564209 1806
1760597884005 2.5406155586242676 1816
1760597884275 2.6303577423095703 1826
1760597884540 2.316709518432617 1836
1760597884813 2.595646858215332 1846
1760597885102 2.7837905883789062 1856
1760597885382 2.3260316848754883 1866
1760597885647 2.260866403579712 1876
1760597885919 2.408336639404297 1886
1760597886192 2.1416685581207275 1896
1760597886462 1.9295159578323364 1906
1760597886731 2.2333412170410156 1916
1760597887001 2.3586692810058594 1926
1760597887272 2.342667579650879 1936
1760597887551 2.098229169845581 1946
1760597887818 2.1731178760528564 1956
1760597888090 1.9245426654815674 1966
1760597888363 2.1104209423065186 1976
1760597888637 2.379662036895752 1986
1760597888907 2.466028928756714 1996
1760597889178 2.083860397338867 2006
1760597889453 2.388047456741333 2016
1760597889724 1.944982647895813 2026
1760597890001 2.2289047241210938 2036
1760597890267 1.8004653453826904 2046
1760597890554 2.400331497192383 2056
1760597890818 2.2529470920562744 2066
1760597891092 1.901375412940979 2076
1760597891386 1.8275251388549805 2086
1760597891667 2.5285277366638184 2096
1760597891944 1.9295350313186646 2106
1760597892218 2.0974247455596924 2116
1760597892496 2.060183525085449 2126
1760597892776 2.588771104812622 2136
1760597893047 2.009108066558838 2146
1760597893319 1.642686128616333 2156
1760597893584 2.460554599761963 2166
1760597893856 1.981829047203064 2176
1760597894132 1.9334287643432617 2186
1760597894403 1.9622570276260376 2196
1760597894669 2.4003024101257324 2206
1760597894946 1.9057962894439697 2216
1760597895216 1.9880397319793701 2226
1760597895497 2.205894947052002 2236
1760597895768 2.218343734741211 2246
1760597896039 2.2241909503936768 2256
1760597896313 1.951469898223877 2266
1760597896584 1.7669017314910889 2276
1760597896855 2.1573691368103027 2286
1760597897132 2.145379066467285 2296
1760597897403 1.8289368152618408 2306
1760597897680 2.5086140632629395 2316
1760597897957 2.1417112350463867 2326
1760597898229 2.189882755279541 2336
1760597898500 1.8603878021240234 2346
1760597898767 1.9714670181274414 2356
1760597899031 2.1293153762817383 2366
1760597899302 2.0904617309570312 2376
1760597899581 1.88796067237854 2386
1760597899856 2.0549380779266357 2396
1760597900126 1.809076189994812 2406
1760597900398 2.061217784881592 2416
1760597900664 2.019240140914917 2426
1760597900940 2.040633201599121 2436
1760597901216 1.7437336444854736 2446
1760597901491 1.9870752096176147 2456
1760597901760 1.9246749877929688 2466
1760597902032 2.2212114334106445 2476
1760597902307 1.9361919164657593 2486
1760597902581 1.7157862186431885 2496
1760597902847 1.8597017526626587 2506
1760597903120 1.8341281414031982 2516
1760597903394 1.8835506439208984 2526
1760597903662 2.118335247039795 2536
1760597903937 1.92838454246521 2546
1760597904219 2.1473426818847656 2556
1760597904491 1.849723219871521 2566
1760597904760 1.9092967510223389 2576
1760597905032 1.8470754623413086 2586
1760597905309 1.8367185592651367 2596
1760597905589 2.114103317260742 2606
1760597905864 2.114269733428955 2616
1760597906135 1.786919116973877 2626
1760597906408 1.8718135356903076 2636
1760597906684 1.9663012027740479 2646
1760597906959 2.076404571533203 2656
1760597907235 2.1620934009552 2666
1760597907505 2.053893804550171 2676
1760597907778 2.010951519012451 2686
1760597908047 1.9525063037872314 2696
1760597908319 2.161515712738037 2706
1760597908587 1.946263313293457 2716
1760597908860 1.725361704826355 2726
1760597909143 2.000056743621826 2736
1760597909422 2.1281046867370605 2746
1760597909699 1.974745273590088 2756
1760597909973 2.268604278564453 2766
1760597910244 1.7576842308044434 2776
1760597910512 1.9372721910476685 2786
1760597910780 1.8873932361602783 2796
1760597911052 1.9962084293365479 2806
1760597978753 1.9429614543914795 2823
1760597979047 1.8922466039657593 2833
1760597979323 1.789029836654663 2843
1760597979594 2.086907148361206 2853
1760597979874 2.004917860031128 2863
1760597980146 2.1172280311584473 2873
1760597980450 2.03090763092041 2883
1760597980818 1.802509069442749 2893
1760597981089 1.9418655633926392 2903
1760597981363 1.832884669303894 2913
1760597981629 1.8165576457977295 2923
1760597981901 1.849655270576477 2933
1760597982176 1.4872854948043823 2943
1760597982449 1.8834669589996338 2953
1760597982722 1.6090259552001953 2963
1760597983008 1.6577348709106445 2973
1760597983281 1.6941509246826172 2983
1760597983555 2.29154634475708 2993
1760597983823 2.0236709117889404 3003
1760597984093 1.8171725273132324 3013
1760597984376 1.9101855754852295 3023
1760597984725 2.2320616245269775 3033
1760597984998 1.7612864971160889 3043
1760597985343 1.6927729845046997 3053
1760597985620 1.9580192565917969 3063
1760597985892 1.7087574005126953 3073
1760597986158 1.9377812147140503 3083
1760597986424 1.9647653102874756 3093
1760597986700 1.8398208618164062 3103
1760597986974 1.895442247390747 3113
1760597987251 1.7077205181121826 3123
1760597987520 1.6937785148620605 3133
1760597987785 2.171248435974121 3143
1760597988053 1.5390385389328003 3153
1760597988324 1.7445563077926636 3163
1760597988594 2.2377853393554688 3173
1760597988910 1.6766717433929443 3183
1760597989186 2.3685519695281982 3193
1760597989519 1.7774816751480103 3203
1760597989798 2.0633015632629395 3213
1760597990069 1.784050464630127 3223
1760597990342 1.8117382526397705 3233
1760597990621 1.956016182899475 3243
1760597990901 2.221449851989746 3253
1760597991170 2.2340688705444336 3263
1760597991440 2.184702157974243 3273
1760597991719 1.8612608909606934 3283
1760597992002 1.7461268901824951 3293
1760597992282 2.0026512145996094 3303
1760597992646 1.9497692584991455 3313
1760597993170 1.7852104902267456 3323
1760597993456 1.847419261932373 3333
1760597993882 1.9264731407165527 3343
1760597994207 1.8516623973846436 3353
1760597994543 1.5343765020370483 3363
1760597994812 1.9290517568588257 3373
1760597995099 1.6649702787399292 3383
1760597995366 1.7766773700714111 3393
1760597995637 1.7199009656906128 3403
1760597995904 1.8336610794067383 3413
1760597996171 2.054497241973877 3423
1760597996445 2.01906418800354 3433
1760597996719 2.096566677093506 3443
1760597996998 1.7243702411651611 3453
1760597997272 1.8765145540237427 3463
1760597997568 1.6751010417938232 3473
1760597997835 2.012793779373169 3483
1760597998104 1.6570442914962769 3493
1760597998364 1.9413338899612427 3503
1760597998676 1.8573107719421387 3513
1760597998962 2.452996253967285 3523
1760597999258 2.1301369667053223 3533
1760597999523 1.6824769973754883 3543
1760597999788 1.9891886711120605 3553
1760598000073 1.8784986734390259 3563
1760598000347 1.9218692779541016 3573
1760598000605 1.8328298330307007 3583
1760598000868 1.9616467952728271 3593
1760598001125 1.8524985313415527 3603
1760598001387 1.9622619152069092 3613
1760598001684 2.2057018280029297 3623
1760598001963 1.7952769994735718 3633
1760598002220 1.947338342666626 3643
1760598002484 1.8897321224212646 3653
1760598002792 1.7072570323944092 3663
1760598003054 2.209383964538574 3673
1760598003792 1.9130895137786865 3683
1760598004141 1.8959426879882812 3693
1760598004450 1.573478102684021 3703
1760598004740 1.8759398460388184 3713
1760598005024 1.766374111175537 3723
1760598005311 1.9605273008346558 3733
1760598005594 1.7599843740463257 3743
1760598005926 1.7867757081985474 3753
1760598006193 1.856158971786499 3763
1760598006454 1.875243902206421 3773
1760598006716 1.7397531270980835 3783
1760598006987 1.6380078792572021 3793
1760598007260 2.130147933959961 3803
1760598007614 2.0426878929138184 3813
1760598007890 1.8301682472229004 3823
1760598008154 1.8860005140304565 3833
1760598008414 1.6625325679779053 3843
1760598008680 1.9022901058197021 3853
1760598008945 2.0041134357452393 3863
1760598009220 1.8958044052124023 3873
1760598009489 1.6443763971328735 3883
1760598009752 1.896125316619873 3893
1760598010010 1.7010715007781982 3903
1760598010270 1.7514081001281738 3913
1760598010552 1.881360650062561 3923
1760598010841 1.9911541938781738 3933
1760598011118 2.059309720993042 3943
1760598011406 1.9925044775009155 3953
1760598011765 1.7438020706176758 3963
1760598012099 1.7407418489456177 3973
1760598012361 1.4954184293746948 3983
1760598012627 1.993668794631958 3993
1760598012904 2.0378847122192383 4003
1760598013247 1.611057996749878 4013
1760598013589 1.9480326175689697 4023
1760598013899 1.8709321022033691 4033
1760598014175 1.7702603340148926 4043
1760598014445 2.012500047683716 4053
1760598014717 1.8930957317352295 4063
1760598014992 1.9052760601043701 4073
1760598015261 1.7527188062667847 4083
1760598015539 1.8970370292663574 4093
1760598015879 2.079559803009033 4103
1760598016168 1.9465699195861816 4113
1760598016441 1.6402230262756348 4123
1760598016707 1.9486498832702637 4133
1760598016974 1.706360101699829 4143
1760598017250 1.6439963579177856 4153
1760598017521 1.9529283046722412 4163
1760598017787 1.9936506748199463 4173
1760598018050 2.004581928253174 4183
1760598018340 1.7896268367767334 4193
1760598018613 1.7427654266357422 4203
1760598018875 2.069499969482422 4213
