1760597873008 9.6875 1416
1760597873311 12.1875 1426
1760597873583 11.770833333333334 1436
1760597873866 12.265625 1446
1760597874138 12.375 1456
1760597874410 12.8125 1466
1760597874688 12.544642857142858 1476
1760597874967 13.125 1486
1760597875241 13.333333333333334 1496
1760597875519 13.71875 1506
1760597875790 13.977272727272727 1516
1760597876054 14.53125 1526
1760597876324 14.85576923076923 1536
1760597876594 14.910714285714286 1546
1760597876865 14.916666666666666 1556
1760597877132 15.078125 1566
1760597877398 15.386029411764707 1576
1760597877663 15.538194444444445 1586
1760597877936 15.723684210526315 1596
1760597878193 15.96875 1606
1760597878451 16.30952380952381 1616
1760597878708 16.477272727272727 1626
1760597878992 16.616847826086957 1636
1760597879283 16.796875 1646
1760597879567 16.95 1656
1760597879841 17.079326923076923 1666
1760597880151 17.256944444444443 1676
1760597880429 17.354910714285715 1686
1760597880713 17.45689655172414 1696
1760597881003 17.479166666666668 1706
1760597881283 17.610887096774192 1716
1760597881546 17.802734375 1726
1760597881814 17.973484848484848 1736
1760597882088 18.051470588235293 1746
1760597882359 18.071428571428573 1756
1760597882637 18.203125 1766
1760597882918 18.285472972972972 1776
1760597883192 18.355263157894736 1786
1760597883466 18.485576923076923 1796
1760597883735 18.7109375 1806
1760597884005 18.8109756097561 1816
1760597884275 18.898809523809526 1826
1760597884540 18.9171511627907 1836
1760597884813 18.963068181818183 1846
1760597885102 19.0625 1856
1760597885382 19.116847826086957 1866
1760597885647 19.15558510638298 1876
1760597885919 19.166666666666668 1886
1760597886192 19.221938775510203 1896
1760597886462 19.28125 1906
1760597886731 19.350490196078432 1916
1760597887001 19.411057692307693 1926
1760597887272 19.4811320754717 1936
1760597887551 19.542824074074073 1946
1760597887818 19.642045454545453 1956
1760597888090 19.704241071428573 1966
1760597888363 19.786184210526315 1976
1760597888637 19.84375 1986
1760597888907 19.867584745762713 1996
1760597889178 19.916666666666668 2006
1760597889453 19.871926229508198 2016
1760597889724 19.954637096774192 2026
1760597890001 19.970238095238095 2036
1760597890267 20.0390625 2046
1760597890554 20.125 2056
1760597890818 20.236742424242426 2066
1760597891092 20.265858208955223 2076
1760597891386 20.307904411764707 2086
1760597891667 20.42572463768116 2096
1760597891944 20.450892857142858 2106
1760597892218 20.5193661971831 2116
1760597892496 20.611979166666668 2126
1760597892776 20.62071917808219 2136
1760597893047 20.70945945945946 2146
1760597893319 20.8375 2156
1760597893584 20.916940789473685 2166
1760597893856 20.969967532467532 2176
1760597894132 21.025641025641026 2186
1760597894403 21.087816455696203 2196
1760597894669 21.1171875 2206
1760597894946 21.141975308641975 2216
1760597895216 21.169969512195124 2226
1760597895497 21.19352409638554 2236
1760597895768 21.257440476190474 2246
1760597896039 21.330882352941178 2256
1760597896313 21.36264534883721 2266
1760597896584 21.429597701149426 2276
1760597896855 21.459517045454547 2286
1760597897132 21.49929775280899 2296
1760597897403 21.55902777777778 2306
1760597897680 21.58997252747253 2316
1760597897957 21.59986413043478 2326
1760597898229 21.68010752688172 2336
1760597898500 21.76529255319149 2346
1760597898767 21.848684210526315 2356
1760597899031 21.878255208333332 2366
1760597899302 21.913659793814432 2376
1760597899581 21.964285714285715 2386
1760597899856 22.001262626262626 2396
1760597900126 22.040625 2406
1760597900398 22.063737623762375 2416
1760597900664 22.107843137254903 2426
1760597900940 22.17233009708738 2436
1760597901216 22.223557692307693 2446
1760597901491 22.25297619047619 2456
1760597901760 22.27299528301887 2466
1760597902032 22.272196261682243 2476
1760597902307 22.32060185185185 2486
1760597902581 22.362385321100916 2496
1760597902847 22.40909090909091 2506
1760597903120 22.485923423423422 2516
1760597903394 22.541852678571427 2526
1760597903662 22.59679203539823 2536
1760597903937 22.66173245614035 2546
1760597904219 22.71195652173913 2556
1760597904491 22.75323275862069 2566
1760597904760 22.82318376068376 2576
1760597905032 22.884004237288135 2586
1760597905309 22.962184873949578 2596
1760597905589 23.026041666666668 2606
1760597905864 23.083677685950413 2616
1760597906135 23.145491803278688 2626
1760597906408 23.20630081300813 2636
1760597906684 23.30141129032258 2646
1760597906959 23.3425 2656
1760597907235 23.348214285714285 2666
1760597907505 23.415354330708663 2676
1760597907778 23.4619140625 2686
1760597908047 23.512596899224807 2696
1760597908319 23.567307692307693 2706
1760597908587 23.59732824427481 2716
1760597908860 23.652935606060606 2726
1760597909143 23.663063909774436 2736
1760597909422 23.717350746268657 2746
1760597909699 23.78009259259259 2756
1760597909973 23.82582720588235 2766
1760597910244 23.886861313868614 2776
1760597910512 23.908514492753625 2786
1760597910780 23.954586330935253 2796
1760597911052 23.991071428571427 2806
1760597978753 30.3125 2823
1760597979047 30.15625 2833
1760597979323 28.75 2843
1760597979594 29.296875 2853
1760597979874 29.6875 2863
1760597980146 29.84375 2873
1760597980450 29.330357142857142 2883
1760597980818 29.4921875 2893
1760597981089 29.40972222222222 2903
1760597981363 29.1875 2913
1760597981629 29.119318181818183 2923
1760597981901 29.479166666666668 2933
1760597982176 29.615384615384617 2943
1760597982449 29.642857142857142 2953
1760597982722 29.75 2963
1760597983008 30.0390625 2973
1760597983281 30.0 2983
1760597983555 29.930555555555557 2993
1760597983823 29.93421052631579 3003
1760597984093 29.765625 3013
1760597984376 29.836309523809526 3023
1760597984725 29.857954545454547 3033
1760597984998 29.70108695652174 3043
1760597985343 29.856770833333332 3053
1760597985620 29.925 3063
1760597985892 30.084134615384617 3073
1760597986158 30.046296296296298 3083
1760597986424 30.078125 3093
1760597986700 29.989224137931036 3103
1760597986974 29.927083333333332 3113
1760597987251 30.02016129032258 3123
1760597987520 29.94140625 3133
1760597987785 29.914772727272727 3143
1760597988053 29.889705882352942 3153
1760597988324 29.892857142857142 3163
1760597988594 29.895833333333332 3173
1760597988910 29.85641891891892 3183
1760597989186 29.942434210526315 3193
1760597989519 30.120192307692307 3203
1760597989798 30.0234375 3213
1760597990069 30.045731707317074 3223
1760597990342 30.0 3233
1760597990621 30.0 3243
1760597990901 29.886363636363637 3253
1760597991170 29.868055555555557 3263
1760597991440 29.918478260869566 3273
1760597991719 30.013297872340427 3283
1760597992002 30.071614583333332 3293
1760597992282 30.127551020408163 3303
1760597992646 30.0625 3313
1760597993170 30.05514705882353 3323
1760597993456 30.042067307692307 3333
1760597993882 30.02358490566038 3343
1760597994207 30.04050925925926 3353
1760597994543 30.039772727272727 3363
1760597994812 30.078125 3373
1760597995099 30.087719298245613 3383
1760597995366 30.10237068965517 3393
1760597995637 30.158898305084747 3403
1760597995904 30.119791666666668 3413
1760597996171 30.174180327868854 3423
1760597996445 30.19657258064516 3433
1760597996719 30.228174603174605 3443
1760597996998 30.21484375 3453
1760597997272 30.22596153846154 3463
1760597997568 30.298295454545453 3473
1760597997835 30.284514925373134 3483
1760597998104 30.280330882352942 3493
1760597998364 30.27173913043478 3503
1760597998676 30.294642857142858 3513
1760597998962 30.299295774647888 3523
1760597999258 30.303819444444443 3533
1760597999523 30.30821917808219 3543
1760597999788 30.392736486486488 3553
1760598000073 30.408333333333335 3563
1760598000347 30.476973684210527 3573
1760598000605 30.46672077922078 3583
1760598000868 30.49278846153846 3593
1760598001125 30.514240506329113 3603
1760598001387 30.50390625 3613
1760598001684 30.47067901234568 3623
1760598001963 30.41920731707317 3633
1760598002220 30.466867469879517 3643
1760598002484 30.50595238095238 3653
1760598002792 30.514705882352942 3663
1760598003054 30.519622093023255 3673
1760598003792 30.52801724137931 3683
1760598004141 30.511363636363637 3693
1760598004450 30.540730337078653 3703
1760598004740 30.583333333333332 3713
1760598005024 30.628434065934066 3723
1760598005311 30.66576086956522 3733
1760598005594 30.625 3743
1760598005926 30.631648936170212 3753
1760598006193 30.62171052631579 3763
1760598006454 30.660807291666668 3773
1760598006716 30.682989690721648 3783
1760598006987 30.730229591836736 3793
1760598007260 30.732323232323232 3803
1760598007614 30.75 3813
1760598007890 30.73329207920792 3823
1760598008154 30.787377450980394 3833
1760598008414 30.773665048543688 3843
1760598008680 30.78125 3853
1760598008945 30.74702380952381 3863
1760598009220 30.75766509433962 3873
1760598009489 30.776869158878505 3883
1760598009752 30.749421296296298 3893
1760598010010 30.79415137614679 3903
1760598010270 30.798295454545453 3913
1760598010552 30.802364864864863 3923
1760598010841 30.817522321428573 3933
1760598011118 30.84070796460177 3943
1760598011406 30.838815789473685 3953
1760598011765 30.880434782608695 3963
1760598012099 30.89439655172414 3973
1760598012361 30.921474358974358 3983
1760598012627 30.93220338983051 3993
1760598012904 30.90073529411765 4003
1760598013247 30.869791666666668 4013
1760598013589 30.867768595041323 4023
1760598013899 30.86577868852459 4033
1760598014175 30.866361788617887 4043
1760598014445 30.887096774193548 4053
1760598014717 30.8975 4063
1760598014992 30.91269841269841 4073
1760598015261 30.903051181102363 4083
1760598015539 30.89599609375 4093
1760598015879 30.920542635658915 4103
1760598016168 30.91826923076923 4113
1760598016441 30.927958015267176 4123
1760598016707 30.97537878787879 4133
1760598016974 31.022086466165412 4143
1760598017250 31.03311567164179 4153
1760598017521 31.0625 4163
1760598017787 31.100643382352942 4173
1760598018050 31.104014598540147 4183
1760598018340 31.120923913043477 4193
1760598018613 31.121852517985612 4203
1760598018875 31.100446428571427 4213
